90 91 93 96 93 0
3 5 7 10 11 11 0
35 37 39 42 46 0
67 70 72 74 79 0
9 12 13 16 15 16 19 0
48 51 52 55 58 61 58 57 0
3 4 7 9 8 9 9 0
22 25 28 30 28 32 0
38 41 44 45 42 49 0
54 57 59 59 61 0
54 55 55 56 58 55 0
66 68 70 71 72 72 75 75 0
32 35 35 38 42 0
22 24 26 28 28 31 34 41 0
55 57 59 63 64 0
18 21 25 26 28 27 0
39 40 41 43 47 49 50 50 0
10 11 14 17 20 22 26 30 0
35 36 39 40 44 45 52 0
57 59 66 67 70 0
15 17 19 22 29 26 0
66 69 72 75 78 83 83 0
73 76 78 83 86 90 0
23 26 28 35 36 41 0
83 81 82 85 88 90 92 93 0
4 2 3 4 1 0
8 7 8 9 11 13 13 0
71 70 71 73 76 80 0
22 20 21 22 25 31 0
80 78 81 83 82 84 87 88 0
14 13 16 19 18 19 20 18 0
69 68 65 67 67 0
57 55 56 55 59 0
5 4 7 9 11 13 12 18 0
91 88 88 90 92 93 0
47 45 48 48 46 0
58 56 59 60 63 63 63 0
39 37 40 43 43 45 49 0
34 33 36 36 43 0
13 11 13 17 20 23 25 0
11 8 12 14 12 0
2 1 5 7 7 0
8 7 10 14 18 0
38 36 38 40 41 45 48 53 0
68 67 72 75 77 79 0
25 24 26 29 30 37 39 37 0
31 29 31 37 37 0
64 61 62 69 72 76 0
5 2 5 11 14 15 22 0
55 55 58 60 61 64 65 0
59 59 61 63 66 65 0
2 2 5 7 9 12 12 0
29 29 31 34 35 38 39 43 0
42 42 44 46 49 51 54 61 0
89 89 90 93 96 94 96 98 0
41 41 39 40 41 43 45 42 0
36 36 38 35 37 37 0
1 1 4 2 6 0
36 36 39 41 40 42 47 0
29 29 29 32 35 36 0
24 24 26 29 31 31 29 0
58 58 58 60 60 0
56 56 56 58 62 0
73 73 76 76 79 86 0
49 49 52 56 59 0
11 11 12 13 17 18 15 0
63 63 67 70 70 0
82 82 86 89 90 91 94 98 0
38 38 40 42 45 49 54 0
16 16 21 22 23 0
45 45 51 54 51 0
6 6 7 10 13 14 20 20 0
22 22 23 29 30 32 33 37 0
7 7 13 14 21 0
81 85 87 89 90 92 95 97 0
75 79 80 81 79 0
56 60 61 63 65 65 0
67 71 74 75 79 0
4 8 11 13 15 18 23 0
83 87 85 87 90 93 95 0
90 94 95 93 94 93 0
87 91 92 93 96 94 94 0
34 38 39 36 38 39 43 0
4 8 9 7 10 17 0
23 27 28 30 33 33 34 36 0
11 15 15 17 16 0
38 42 44 47 48 49 49 49 0
43 47 49 49 52 55 59 0
79 83 85 85 92 0
16 20 24 26 29 30 0
77 81 83 87 90 92 89 0
33 37 39 42 44 48 51 51 0
71 75 79 81 85 0
69 73 76 77 81 88 0
33 37 42 44 47 50 53 0
13 17 20 23 28 26 0
51 55 56 59 60 62 67 67 0
35 39 41 43 49 52 56 0
60 64 70 71 76 0
25 32 34 37 38 41 0
1 6 8 10 12 9 0
20 27 29 30 30 0
52 59 60 62 63 64 65 69 0
71 78 80 81 84 85 90 0
64 71 73 71 72 73 76 0
67 72 75 76 74 76 77 76 0
38 43 40 41 41 0
2 8 11 9 13 0
72 79 80 79 80 86 0
21 26 26 29 31 0
72 78 79 79 81 83 81 0
76 81 84 84 85 85 0
42 47 50 53 53 54 58 0
14 21 23 25 26 29 29 35 0
83 88 90 93 97 98 0
17 22 26 29 30 31 28 0
46 52 54 58 58 0
22 28 32 33 37 0
65 71 73 77 82 0
64 71 73 75 78 81 88 89 0
42 47 50 55 56 54 0
69 74 77 79 85 85 0
54 59 62 68 72 0
40 45 46 51 53 55 61 0
55 53 50 47 44 43 40 42 0
94 91 90 89 86 85 85 0
52 50 47 46 44 40 0
52 49 47 45 43 38 0
88 87 88 85 84 82 81 78 0
95 93 96 93 94 0
84 83 84 83 83 0
70 67 65 64 61 64 60 0
98 97 98 97 95 94 92 86 0
29 27 24 24 22 0
34 31 30 30 28 29 0
83 81 78 78 77 75 75 0
60 59 59 58 57 55 52 48 0
97 96 96 95 93 88 0
50 49 47 43 42 41 39 0
45 43 39 38 37 40 0
91 89 85 83 83 0
20 18 14 11 7 0
82 81 79 76 75 71 66 0
45 43 42 40 33 30 28 25 0
92 91 85 84 85 0
30 29 24 21 18 15 14 14 0
31 28 27 26 21 18 14 0
38 35 34 33 31 28 22 17 0
46 47 45 43 41 0
89 90 88 86 84 83 84 0
68 71 69 68 66 66 0
71 73 72 69 65 0
44 46 43 41 38 32 0
8 11 9 12 11 10 0
49 51 49 48 50 52 0
75 76 79 76 76 0
67 70 71 70 66 0
51 53 54 53 50 48 47 42 0
67 69 66 65 65 62 0
57 59 59 58 55 53 54 0
66 67 66 66 63 63 0
49 50 49 46 46 43 40 36 0
50 52 52 50 49 47 40 0
22 23 20 16 13 11 10 8 0
29 31 30 26 23 26 0
46 47 43 42 42 0
65 68 67 64 63 59 55 0
68 69 67 64 60 58 53 0
87 90 87 82 80 79 78 77 0
43 44 43 41 34 37 0
13 14 13 11 10 4 4 0
77 78 76 74 69 67 63 0
69 71 69 63 61 54 0
32 32 29 26 25 22 20 19 0
99 99 98 97 96 98 0
91 91 89 88 86 86 0
26 26 23 21 17 0
45 45 43 42 40 37 36 30 0
41 41 39 42 39 37 0
7 7 6 8 7 4 2 4 0
30 30 33 32 31 29 27 27 0
58 58 55 53 50 53 49 0
31 31 28 31 25 0
35 35 35 32 30 0
46 46 46 43 44 0
38 38 38 37 37 0
77 77 74 71 71 69 65 0
70 70 68 65 65 62 60 54 0
60 60 58 54 51 48 45 43 0
32 32 28 27 26 23 21 24 0
43 43 41 40 36 36 0
72 72 70 66 62 0
25 25 23 19 13 0
68 68 67 65 62 61 56 54 0
74 74 71 69 67 60 59 61 0
40 40 37 32 32 0
73 73 66 64 61 57 0
47 47 41 40 35 0
84 80 77 75 73 70 68 0
93 89 88 86 85 82 80 81 0
35 31 30 28 27 26 25 25 0
28 24 22 21 18 17 13 0
34 30 28 27 25 22 20 15 0
17 13 10 7 10 7 0
95 91 94 92 90 92 0
20 16 13 12 13 11 9 9 0
58 54 53 52 54 52 48 0
86 82 83 82 77 0
28 24 21 21 20 0
97 93 93 91 92 0
28 24 23 20 18 18 18 0
38 34 32 32 30 28 27 23 0
53 49 47 46 45 44 44 39 0
69 65 62 61 57 56 53 0
48 44 42 40 39 35 38 0
73 69 67 63 63 0
59 55 53 51 47 44 41 37 0
83 79 76 73 71 68 64 57 0
23 19 17 16 14 9 8 0
51 47 45 38 41 0
77 73 70 68 63 61 60 60 0
26 22 21 20 18 17 11 7 0
31 27 26 21 14 0
34 27 25 22 19 0
78 71 70 67 70 0
62 56 53 50 48 46 46 0
18 12 11 9 5 0
79 74 72 69 67 66 65 58 0
10 5 6 3 1 0
69 63 65 63 60 62 0
60 54 51 49 52 50 50 0
28 23 25 24 21 17 0
58 51 52 50 49 46 41 0
49 44 44 41 39 36 0
47 40 38 38 37 36 35 38 0
48 43 41 40 37 37 37 0
87 82 80 77 77 73 0
24 18 18 16 15 14 9 0
83 77 73 71 68 67 66 64 0
58 53 49 47 48 0
50 45 44 40 38 38 0
34 29 28 24 22 21 20 16 0
48 42 41 39 35 29 0
94 89 83 82 80 78 0
65 58 51 49 46 48 0
51 46 43 40 33 32 29 29 0
53 48 45 43 37 33 0
85 80 79 74 71 70 63 0
9 11 13 14 15 18 19 17 0
88 91 93 95 96 96 0
2 4 6 7 9 13 0
59 60 63 66 68 69 74 0
16 17 16 19 20 22 0
20 22 19 21 18 0
11 12 14 15 13 16 16 0
24 25 26 23 27 0
83 84 85 84 87 88 94 0
41 42 45 45 48 50 51 0
38 41 42 45 45 48 50 48 0
73 75 75 78 78 0
68 69 70 70 73 76 79 83 0
58 61 64 64 65 66 73 0
32 33 34 36 40 41 43 0
35 36 37 41 42 44 43 0
79 81 82 83 87 89 92 92 0
54 55 57 58 62 66 0
33 35 36 40 42 49 0
15 17 22 23 26 0
18 20 27 29 31 33 32 0
79 81 83 84 90 91 91 0
32 33 35 41 45 0
75 77 80 83 89 91 98 0
14 12 14 15 16 17 0
89 86 89 92 93 94 95 92 0
56 55 58 61 61 0
41 40 42 43 45 48 50 54 0
56 54 56 58 65 0
61 59 56 58 61 0
59 57 60 61 60 57 0
24 23 25 27 24 25 27 27 0
90 87 88 86 88 92 0
11 8 6 9 10 11 18 0
74 73 73 75 78 80 0
88 85 88 88 86 0
92 91 92 92 94 94 0
5 2 2 4 8 0
42 41 43 46 48 48 54 0
62 60 62 63 65 69 70 72 0
91 88 92 95 94 0
48 47 51 52 54 54 0
20 18 19 20 21 25 27 31 0
80 77 80 84 90 0
56 53 56 57 60 67 70 0
8 5 10 13 16 15 0
39 38 40 43 50 52 52 0
54 51 54 61 64 67 71 0
58 55 61 62 64 67 70 76 0
67 67 69 72 73 76 79 82 0
11 11 14 15 18 20 19 0
63 63 66 68 70 72 72 0
26 26 28 31 33 36 40 0
67 67 68 70 73 76 78 83 0
8 8 11 13 15 12 13 16 0
13 13 10 13 16 17 20 18 0
49 49 48 51 53 55 55 0
37 37 39 38 42 0
85 85 87 84 91 0
21 21 23 23 25 0
56 56 59 60 60 63 61 0
37 37 39 42 45 45 45 0
49 49 51 54 57 58 58 62 0
31 31 31 32 34 36 42 0
67 67 68 70 73 76 80 81 0
9 9 12 13 16 20 18 0
73 73 76 78 80 81 85 85 0
60 60 61 65 68 71 75 0
7 7 11 12 19 0
44 44 45 46 47 53 55 0
16 16 21 22 25 28 27 0
9 9 10 15 18 21 24 24 0
83 83 84 87 89 94 98 0
24 24 27 29 36 37 43 0
81 85 86 88 91 94 95 97 0
41 45 46 49 51 50 0
31 35 36 37 38 39 39 0
56 60 61 62 65 69 0
74 78 79 81 82 88 0
12 16 17 14 15 18 0
58 62 63 65 63 65 63 0
39 43 42 45 48 49 49 0
57 61 59 61 63 64 66 70 0
1 5 6 5 7 9 14 0
70 74 77 77 78 81 84 85 0
25 29 31 31 33 34 36 35 0
57 61 61 63 63 0
76 80 82 82 86 0
28 32 34 35 35 37 44 0
52 56 60 63 64 0
10 14 16 18 22 25 28 26 0
62 66 67 70 73 77 79 79 0
42 46 50 53 54 55 56 60 0
10 14 18 21 23 30 0
72 76 77 82 83 0
29 33 36 37 40 43 49 47 0
79 83 85 90 90 0
63 67 68 70 71 72 78 82 0
20 24 27 29 32 39 44 0
56 61 62 65 67 0
58 65 66 69 70 72 71 0
29 36 39 41 41 0
70 77 80 83 84 88 0
39 45 46 49 55 0
45 52 55 54 57 59 62 63 0
14 19 20 22 19 21 24 23 0
11 18 21 22 24 22 22 0
49 54 57 59 62 65 63 67 0
37 42 39 40 41 48 0
14 19 22 23 26 26 29 0
87 94 95 96 96 93 0
51 58 61 62 64 64 64 0
57 64 65 66 68 68 69 73 0
31 36 38 38 39 46 0
16 23 25 28 31 34 38 39 0
46 53 56 59 63 62 0
46 51 53 56 58 59 63 63 0
39 46 50 51 54 58 0
63 70 71 75 82 0
71 77 78 79 86 88 0
75 81 83 89 91 92 91 0
57 64 65 67 70 72 79 79 0
4 10 13 20 21 23 24 28 0
7 12 15 20 25 0
74 72 71 69 68 65 68 0
79 77 74 73 73 0
60 59 57 56 52 0
32 31 28 25 18 0
35 32 33 31 28 0
30 29 31 29 26 25 22 23 0
10 9 8 7 5 7 7 0
68 67 66 64 65 61 0
68 66 64 66 63 62 56 0
74 73 73 71 69 67 66 64 0
92 91 88 88 90 0
48 47 44 44 43 43 0
45 42 40 40 39 35 0
51 48 48 45 42 39 32 0
93 90 89 85 82 0
83 81 78 74 73 75 0
82 79 75 72 69 68 68 0
76 75 73 72 70 67 63 59 0
95 93 89 88 81 0
70 69 68 61 58 56 53 0
99 98 97 90 92 0
33 30 23 20 18 15 15 0
82 79 76 71 69 68 65 61 0
28 25 23 16 14 12 10 4 0
14 15 13 12 9 8 5 0
67 68 67 64 63 61 59 61 0
84 86 85 83 83 0
43 46 45 43 39 0
45 46 44 41 40 34 0
45 48 46 43 41 44 43 42 0
19 21 20 22 24 0
68 69 68 69 66 66 0
33 34 32 35 31 0
88 91 90 92 90 85 0
30 31 30 27 26 26 24 22 0
35 38 36 36 38 0
7 9 9 7 7 0
39 41 38 38 34 0
30 31 28 28 22 0
43 46 42 41 38 36 33 0
74 75 73 69 72 0
20 23 20 17 15 11 11 0
56 57 54 50 47 46 44 40 0
20 21 18 16 12 10 4 0
44 45 43 37 34 0
47 48 46 45 43 42 36 38 0
51 52 50 44 41 41 0
37 40 35 34 32 28 0
94 97 94 91 90 87 82 77 0
88 88 85 82 80 77 74 0
87 87 84 81 80 83 0
67 67 65 64 64 0
68 68 65 62 58 0
32 32 29 26 23 18 0
64 64 65 64 63 61 0
66 66 67 65 68 0
79 79 76 77 74 73 73 0
68 68 69 67 65 64 63 59 0
75 75 72 75 74 72 65 0
73 73 71 70 70 69 0
96 96 94 92 92 89 91 0
43 43 41 41 40 40 0
95 95 94 94 91 89 85 0
69 69 66 66 59 0
55 55 54 52 48 46 44 0
28 28 26 25 23 19 18 21 0
27 27 25 24 20 20 0
17 17 13 10 6 0
86 86 85 81 76 0
53 53 52 49 44 43 41 0
91 91 90 85 84 81 84 0
96 96 90 87 84 81 78 78 0
76 76 74 71 70 63 59 0
46 46 44 41 40 34 27 0
52 48 46 43 42 41 0
58 54 52 49 50 0
76 72 70 68 65 65 0
23 19 18 15 13 11 10 6 0
26 22 19 16 11 0
46 42 40 37 40 38 35 0
19 15 14 13 10 11 8 10 0
91 87 85 83 81 78 81 81 0
77 73 75 74 72 69 68 64 0
39 35 32 35 32 27 0
94 90 89 86 86 84 82 0
99 95 94 92 92 94 0
53 49 48 48 48 0
86 82 80 80 78 75 71 0
42 38 38 36 29 0
31 27 25 21 18 17 0
84 80 76 73 74 0
86 82 81 79 75 75 0
46 42 38 36 32 0
69 65 64 60 53 0
82 78 75 69 66 65 63 0
93 89 86 81 82 0
91 87 86 84 77 77 0
31 27 25 23 22 15 11 0
95 91 88 81 78 77 72 0
40 34 32 29 28 25 0
79 72 69 68 65 62 59 60 0
80 73 72 71 69 66 66 0
95 88 85 84 82 78 0
31 25 24 23 21 15 0
34 29 30 27 24 21 20 19 0
72 65 63 62 59 60 61 0
14 8 9 7 5 5 0
75 69 72 70 67 64 63 59 0
72 66 63 64 62 59 53 0
26 20 19 17 17 14 0
89 84 84 82 79 78 75 78 0
65 59 57 57 55 52 49 49 0
17 10 9 8 8 4 0
52 45 44 44 41 39 32 0
16 11 8 4 2 0
49 43 39 38 36 33 36 0
77 70 69 68 64 64 0
68 61 58 55 51 48 44 0
41 34 30 28 27 20 0
35 28 27 24 17 15 0
43 38 35 32 30 29 22 24 0
68 61 58 53 53 0
23 16 11 8 4 0
53 47 45 44 37 34 28 0
75 71 68 68 65 64 58 0
62 66 67 70 67 69 69 0
26 30 31 34 37 44 46 46 0
77 79 77 80 79 77 80 0
28 33 34 35 37 41 43 0
74 76 80 82 83 86 89 96 0
39 35 37 36 31 0
34 36 34 32 28 0
56 54 53 48 45 41 0
68 70 69 67 65 63 62 0
41 44 45 48 52 53 56 53 0
84 84 77 75 72 72 0
84 86 83 85 88 87 0
66 66 71 72 73 75 81 0
76 76 77 79 80 82 88 89 0
30 26 23 20 19 15 10 0
42 38 36 34 33 33 35 0
34 32 30 28 23 20 18 11 0
35 38 37 35 35 33 0
72 68 67 66 64 67 65 62 0
74 70 66 64 61 61 0
30 33 35 37 41 0
38 42 45 47 50 56 0
62 65 67 65 65 0
30 31 33 37 38 0
41 34 30 28 27 25 24 25 0
71 73 75 74 79 0
74 73 70 64 62 62 0
81 85 86 88 88 88 0
87 83 84 81 79 75 0
56 58 56 53 50 48 46 41 0
54 48 44 42 42 0
40 42 40 39 38 32 30 30 0
52 55 57 60 61 64 66 66 0
68 67 70 73 74 77 82 81 0
70 71 76 78 82 0
54 57 59 63 67 0
78 84 85 85 86 90 0
12 19 20 21 22 20 23 23 0
80 80 79 80 76 0
84 79 79 78 78 0
7 8 11 14 16 18 19 25 0
12 12 11 9 11 5 0
11 15 19 20 18 0
82 83 86 88 88 90 91 0
18 15 12 12 11 9 11 0
24 31 32 35 39 43 0
6 4 6 5 6 12 0
64 68 73 75 78 80 81 85 0
43 47 48 46 47 54 0
7 10 11 13 17 20 20 0
52 46 45 44 43 42 0
41 43 43 40 40 0
79 81 78 74 71 70 66 0
63 62 64 67 70 71 71 0
13 17 20 26 28 0
18 15 13 16 19 22 23 20 0
81 77 71 68 67 0
28 22 18 15 12 9 8 0
30 30 32 35 36 0
40 40 41 43 44 47 47 0
96 96 97 97 95 0
55 55 59 60 63 67 0
44 51 51 53 60 0
23 30 31 32 35 36 36 0
54 54 56 59 61 67 68 68 0
76 76 79 80 81 84 84 91 0
33 26 23 22 22 21 22 0
88 88 88 86 79 0
35 39 42 44 48 54 0
87 87 88 90 88 89 89 0
17 11 8 11 8 9 0
32 36 37 40 41 0
72 73 72 70 67 65 66 64 0
49 55 57 55 57 60 61 64 0
20 20 19 20 17 0
37 36 39 38 37 34 0
28 30 27 26 25 23 18 20 0
17 16 14 10 6 0
87 83 78 75 74 71 70 72 0
1 5 9 12 14 14 0
30 29 30 29 25 0
41 41 44 44 46 0
81 79 77 76 73 0
32 29 27 24 21 18 17 0
33 36 39 41 43 0
59 60 61 62 63 64 67 70 0
16 17 20 22 23 0
54 57 58 60 61 63 64 65 0
13 12 11 9 7 6 4 0
39 42 43 46 48 49 0
73 74 75 76 79 80 83 85 0
45 48 51 52 54 57 58 0
31 28 25 24 23 0
63 60 57 56 55 52 0
26 27 28 30 32 35 0
29 32 34 35 36 38 0
28 29 30 33 35 36 37 0
35 36 37 40 42 44 47 0
87 85 82 79 77 76 0
16 14 12 10 8 6 5 3 0
74 71 68 65 63 0
22 21 19 18 17 0
51 48 45 42 41 38 35 32 0
59 58 56 54 52 0
36 35 34 32 31 30 0
75 78 79 81 83 84 0
80 82 85 88 91 93 94 0
29 31 32 35 38 41 0
83 84 87 89 90 91 0
16 19 21 24 27 29 0
35 36 39 41 43 0
22 25 26 29 32 33 0
34 31 28 25 22 20 18 0
50 47 44 41 39 37 35 32 0
41 39 36 34 32 31 0
34 32 31 28 27 0
25 23 22 21 20 17 0
86 88 90 91 92 94 96 0
51 52 55 58 60 0
43 41 39 38 36 35 34 33 0
36 33 30 29 28 0
77 78 79 82 85 0
88 85 82 81 79 78 76 0
20 22 25 28 30 33 35 37 0
16 19 22 25 28 30 32 0
98 96 93 91 89 87 0
80 77 76 74 72 0
5 8 9 12 15 17 0
14 13 10 7 5 0
37 39 42 45 46 47 48 0
1 3 6 8 10 11 14 0
18 17 15 14 11 10 0
49 48 47 45 43 40 37 0
90 89 86 83 80 78 0
91 89 86 84 81 79 76 0
61 58 55 52 50 49 0
77 80 82 83 86 88 89 91 0
41 42 43 44 45 0
53 51 50 49 47 44 41 38 0
92 93 96 97 98 0
51 52 53 56 58 0
70 69 67 65 62 0
21 23 24 25 26 28 31 32 0
37 39 42 44 47 49 51 52 0
29 31 33 34 35 36 37 38 0
26 24 21 18 16 15 12 9 0
75 72 71 68 66 63 62 0
66 67 70 72 74 0
78 77 74 72 71 70 0
12 13 15 18 20 21 24 27 0
65 64 63 61 60 57 0
26 24 23 20 17 15 12 0
17 19 22 25 27 30 0
88 85 84 81 78 76 75 73 0
85 84 81 78 75 72 69 67 0
21 19 18 17 14 0
62 59 58 55 53 51 50 0
93 91 89 86 84 81 0
79 82 85 88 89 91 0
87 89 91 92 94 97 0
98 97 95 94 93 91 88 85 0
35 38 41 42 43 44 47 0
65 62 61 58 56 55 52 0
30 27 26 23 20 17 14 0
55 54 53 50 48 47 0
80 78 77 75 73 71 0
48 51 54 56 57 0
40 38 36 35 33 0
70 73 76 79 81 84 86 88 0
47 45 44 41 40 38 37 34 0
35 34 32 29 27 0
44 47 50 53 56 0
7 9 10 12 13 14 0
58 59 62 65 66 67 68 0
19 18 16 14 12 10 7 0
86 85 83 81 80 78 0
56 57 60 63 64 67 68 69 0
99 96 93 90 89 0
37 36 34 32 31 29 0
59 56 53 51 50 48 0
73 72 71 70 69 66 65 0
53 52 51 50 48 47 0
76 75 72 71 68 67 66 0
49 52 55 58 60 62 0
80 78 75 72 71 68 67 0
41 39 37 35 32 29 26 25 0
66 67 70 72 73 0
54 53 51 49 47 44 43 41 0
93 96 97 98 99 0
75 76 78 80 81 82 83 0
45 43 40 39 37 34 0
4 6 8 11 12 0
46 43 41 39 36 34 31 0
61 58 55 54 52 50 47 45 0
16 14 11 8 6 0
75 76 79 81 82 83 0
47 45 43 41 38 37 34 31 0
90 89 88 85 84 82 80 0
49 47 44 43 41 39 36 0
15 13 12 11 10 7 5 2 0
99 97 95 94 93 0
9 10 12 15 18 21 23 0
8 11 13 14 15 16 0
27 30 32 35 36 37 39 40 0
56 59 62 64 67 69 0
60 63 64 66 67 70 72 0
48 50 51 53 54 0
51 48 45 44 42 41 39 36 0
58 60 63 64 66 67 68 71 0
74 72 71 70 67 0
89 86 84 83 81 78 76 75 0
74 76 79 80 83 85 87 89 0
95 94 93 90 88 85 0
24 27 28 30 31 33 0
62 63 66 67 69 71 0
68 70 72 74 77 0
23 22 19 16 15 0
3 5 7 8 10 11 14 17 0
82 85 86 88 89 90 0
12 10 7 6 3 2 0
41 42 43 44 47 50 0
16 19 22 23 24 27 0
55 52 49 47 44 0
83 82 80 79 78 75 72 0
81 80 79 77 76 75 72 0
41 39 38 36 35 34 0
21 24 27 28 29 32 33 34 0
79 78 75 72 71 70 67 66 0
62 59 56 55 54 51 0
85 86 88 91 92 94 97 99 0
69 67 65 64 61 59 0
54 55 58 61 64 0
75 77 80 82 83 86 88 0
10 11 12 13 14 15 17 19 0
69 72 74 76 78 80 81 0
93 92 89 87 84 82 0
44 41 38 37 35 34 33 0
99 98 95 92 91 88 87 84 0
40 37 35 33 30 27 24 23 0
4 7 10 12 14 17 0
74 77 80 82 84 0
33 34 37 38 40 42 43 46 0
29 27 26 23 22 19 0
57 59 62 64 66 0
17 14 11 10 7 6 3 2 0
79 76 73 70 69 68 0
51 48 46 44 42 40 38 0
40 41 43 45 46 47 49 0
14 11 9 8 6 3 0
16 15 12 9 8 5 4 0
68 67 66 64 63 60 58 56 0
32 31 30 29 28 0
36 39 40 42 45 46 0
27 29 32 35 36 37 39 0
89 88 87 85 84 81 78 77 0
42 40 38 35 33 32 29 27 0
50 47 46 45 42 0
68 69 71 74 76 77 0
23 25 27 28 30 32 33 35 0
7 9 12 14 16 17 20 21 0
77 74 72 71 70 69 67 66 0
11 9 7 6 5 3 0
23 22 20 18 17 15 14 12 0
84 85 88 90 91 0
50 51 54 57 60 63 64 0
66 68 70 73 74 75 0
77 78 81 82 85 0
38 41 42 44 47 50 51 52 0
89 90 91 93 94 97 0
36 39 41 43 44 0
19 22 23 26 27 30 0
29 27 24 22 20 0
27 25 22 19 18 0
31 34 35 36 37 40 41 44 0
91 92 93 95 98 0
67 70 73 74 76 0
17 18 19 22 25 27 29 0
35 33 30 29 26 24 22 21 0
13 11 10 7 5 4 3 0
78 76 75 73 72 70 68 66 0
86 87 88 90 91 0
22 21 18 17 14 12 10 0
67 68 71 74 77 80 0
50 53 56 57 59 62 65 0
70 71 72 73 74 77 80 0
53 55 56 58 59 60 63 0
44 42 40 39 37 35 0
39 38 36 33 30 28 26 0
50 48 47 45 44 41 0
51 48 46 45 44 42 39 0
87 85 82 79 78 77 76 0
76 75 74 73 71 68 0
67 69 72 73 76 79 80 81 0
68 65 63 61 60 0
70 68 66 65 63 60 0
49 50 53 56 59 62 0
37 40 41 43 44 47 50 52 0
66 65 63 61 58 55 0
41 38 35 34 32 31 0
33 32 31 28 25 23 0
42 41 39 38 36 35 32 30 0
51 48 47 45 43 42 0
49 47 45 42 39 38 36 0
86 83 80 79 76 73 72 71 0
52 53 56 58 61 62 63 0
54 57 59 61 62 0
2 4 6 7 10 0
7 10 11 12 13 14 16 19 0
67 69 71 72 73 74 0
36 37 38 41 43 46 49 50 0
72 75 76 79 80 81 0
12 11 10 7 6 0
26 28 29 31 34 36 0
66 63 62 61 58 0
46 43 41 39 36 34 33 31 0
37 39 41 44 47 50 51 53 0
22 19 18 16 13 0
20 22 25 26 27 0
68 65 64 62 60 0
9 10 13 16 18 20 21 0
51 53 56 59 62 0
19 20 23 24 26 27 29 0
25 22 20 18 16 0
50 52 54 56 58 61 62 0
27 25 22 21 20 19 16 15 0
47 48 51 52 55 56 58 0
18 20 21 22 24 26 27 30 0
76 77 80 81 82 83 85 0
31 33 36 39 40 0
23 25 28 31 34 37 38 39 0
70 69 68 66 64 62 60 0
43 42 41 38 35 0
9 10 12 14 16 19 20 22 0
65 62 59 58 56 53 50 48 0
12 15 18 20 22 23 26 29 0
32 35 37 40 41 44 46 47 0
60 57 54 53 52 49 0
25 28 29 30 31 0
91 90 89 87 85 84 0
1 4 7 9 10 12 0
24 25 26 29 32 33 0
39 41 44 45 47 49 50 0
37 34 33 31 28 26 24 0
54 57 59 61 62 63 0
92 89 86 84 81 79 78 0
42 45 47 50 52 55 0
24 27 28 29 32 34 35 0
8 5 4 3 1 0
13 15 18 19 22 25 28 0
61 59 58 56 53 50 0
7 9 12 15 16 18 0
13 15 16 19 21 0
82 81 78 75 74 0
6 8 10 13 16 0
33 31 29 28 25 24 23 20 0
12 10 9 7 4 0
1 3 5 8 11 14 17 19 0
31 28 26 24 21 0
22 23 25 27 28 31 33 0
24 22 20 18 16 0
63 66 67 68 71 0
51 48 45 44 43 0
81 83 84 87 88 89 92 93 0
85 82 80 77 75 73 0
82 80 77 74 71 68 65 64 0
57 58 61 64 65 66 0
55 54 51 48 47 44 0
7 10 13 14 17 19 0
70 68 66 65 64 0
57 59 62 65 66 69 0
23 21 20 17 16 14 13 0
58 57 56 53 52 49 46 0
30 31 33 35 38 41 43 0
35 36 38 41 43 0
45 47 50 53 54 55 0
46 49 52 54 55 56 59 62 0
56 57 60 61 64 67 68 0
28 30 32 34 36 37 39 42 0
19 17 16 13 11 9 0
9 10 11 13 16 19 0
65 63 61 59 58 57 55 0
85 82 80 79 76 73 72 0
37 35 34 31 30 0
67 66 65 62 60 59 56 0
51 54 56 58 60 62 0
60 57 56 54 52 49 0
85 82 81 78 77 0
90 89 88 85 83 82 79 78 0
41 38 36 33 32 0
94 92 90 88 87 86 83 80 0
89 87 85 83 81 80 77 0
66 67 70 71 73 74 75 0
66 65 63 62 61 0
75 73 71 69 67 66 0
36 34 33 31 30 29 27 0
71 69 66 65 62 59 57 0
27 25 23 22 19 18 15 13 0
55 54 53 51 48 0
23 21 18 15 13 11 8 7 0
63 66 69 70 72 75 76 0
46 44 42 40 37 34 33 0
39 38 35 34 33 30 29 28 0
10 13 15 18 19 20 21 23 0
20 19 18 15 13 10 0
65 67 70 71 73 75 78 0
60 61 64 65 66 67 70 73 0
68 67 64 62 60 0
64 63 60 57 55 52 0
84 85 88 90 93 96 98 99 0
84 87 90 93 96 97 99 0
81 83 86 89 91 92 93 94 0
42 45 47 48 51 54 0
72 74 77 79 81 83 84 86 0
54 53 50 49 46 43 0
55 57 58 60 62 64 66 68 0
20 21 22 23 25 26 27 0
53 54 56 58 59 60 61 0
67 68 70 72 73 76 0
20 17 15 12 10 8 0
71 68 65 62 61 60 59 57 0
78 76 75 73 72 0
25 23 22 19 18 17 15 13 0
30 29 27 26 25 23 20 18 0
23 24 25 28 29 31 34 0
40 43 45 47 49 0
44 46 48 51 52 53 0
38 36 33 31 28 0
28 29 32 34 37 38 40 41 0
44 45 46 48 49 0
99 96 93 91 89 87 84 82 0
49 48 47 45 43 0
79 81 84 85 87 89 92 0
28 29 32 35 38 39 41 42 0
26 23 22 19 16 14 13 0
30 27 24 23 20 19 0
76 74 71 69 67 64 0
99 96 95 94 93 90 88 0
69 68 67 64 63 62 60 0
88 91 93 95 97 0
86 87 90 91 92 95 96 0
33 34 36 37 39 40 0
65 63 62 59 58 0
29 28 26 24 21 19 17 0
87 84 81 80 78 77 74 72 0
89 87 84 81 78 0
76 79 81 84 86 87 88 0
48 50 53 54 55 0
38 41 42 43 45 0
93 90 88 86 84 81 80 77 0
87 85 83 80 78 0
75 73 71 70 69 0
23 21 20 18 15 12 9 6 0
89 87 84 81 79 0
80 83 85 86 88 91 94 0
62 65 66 69 70 71 0
28 26 23 21 19 0
94 93 90 87 86 83 0
19 17 15 13 11 10 8 6 0
63 65 67 68 71 0
2 3 6 7 10 11 0
37 39 42 44 45 0
52 54 56 57 60 0
54 51 50 49 47 0
55 54 53 52 50 47 0
78 80 82 85 86 0
76 74 73 71 68 0
78 79 82 84 85 87 90 93 0
52 51 50 49 48 0
25 28 30 32 35 36 38 0
59 56 55 52 49 46 45 42 0
18 19 22 23 25 28 30 0
57 56 55 52 51 48 45 0
55 53 51 50 47 44 0
34 33 32 31 28 25 23 0
75 72 71 69 68 67 65 64 0
4 7 10 12 13 15 16 0
61 59 57 55 54 53 52 49 0
72 71 69 68 67 65 62 59 0
32 33 34 35 36 37 0
21 19 16 15 13 12 10 0
56 55 52 50 47 44 43 0
66 68 70 73 76 79 82 0
12 11 8 5 3 2 0
87 89 91 94 96 0
81 78 77 74 73 70 69 0
75 78 81 82 84 85 87 89 0
36 35 34 31 29 27 25 22 0
39 38 36 34 31 28 25 0
64 65 67 70 72 0
82 85 87 88 90 92 94 95 0
46 45 43 41 40 38 36 35 0
45 47 48 50 53 55 0
52 51 50 48 47 46 0
59 56 54 52 50 48 46 43 0
6 9 12 13 15 18 20 22 0
18 16 15 12 9 0
14 11 9 6 3 2 0
64 62 59 57 55 54 0
50 47 45 44 43 0
62 64 65 67 70 71 72 0
66 67 70 73 74 76 78 80 0
61 63 66 68 70 0
28 27 24 22 19 0
